<?xml version="1.0" encoding="UTF-8" standalone="no" ?>
<SimscapeMultibodyImportXML version="2.0" xmlns="urn:mathworks:SimscapeMultibody:import" xmlns:xsi="http://www.w3.org/2001/XMLSchema-instance">
<Created by="" on="04/29/23||01:17:57" using="Simscape Multibody Link Version 7.4" from="SolidWorks 30.0.0"/>
<ModelUnits mass="kilogram" length="millimeter"/>
<DataUnits mass="kilogram" length="meter"/>
<RootAssembly name="Faze4_Assembly_Final" uid="Faze4_Assembly_Final" version="283">
<AssemblyFile name="Faze4_Assembly_Final.SLDASM" type="SolidWorks Assembly"/>
<InstanceTree>
<Instance name="Arm Assembly-1" uid="Arm Assembly-1" entityUid="Arm Assembly" rigid="true">
<Transform>
<Rotation>-0.00013310433879123144 -0.0034905687122585394 -0.9999938990880396 0.038104638725702654 0.9992676491915885 -0.0034931055953124697 0.99927374567273541 -0.038104871200167083 6.7382826260148118e-15</Rotation>
<Translation>0.4416569180324077 -0.064369278888769199 0.50406773637004587</Translation>
</Transform>
<Instance name="FORK-1" uid="FORK-1" grounded="true" entityUid="FORK*:*Default">
<Transform>
<Rotation>1 0 0 0 1 0 0 0 1</Rotation>
<Translation>0.13309626626076532 0.35172886694796301 0.061474545900376265</Translation>
</Transform>
</Instance>
<Instance name="Fork_Motor-1" uid="Fork_Motor-1" entityUid="Fork_Motor*:*Default">
<Transform>
<Rotation>-1 3.222095784627399e-10 1.0516156118555305e-16 3.2220955764605819e-10 1 0 -1.0547130339799417e-16 0 -1.0000000000000002</Rotation>
<Translation>0.13309626629425964 0.35172886689972532 0.19167454594346131</Translation>
</Transform>
</Instance>
<Instance name="formed hex screw_am-1" uid="formed hex screw_am-1" entityUid="formed hex screw_am*:*B18.2.3.2M - Formed hex screw, M5 x 0.8 x 20 --20WS">
<Transform>
<Rotation>1.7432055936881256e-16 -0.56491133306858599 0.82515161380843993 0 0.82515161380843993 0.56491133306858599 -1 -1.4623384996032945e-16 1.1114490805475432e-16</Rotation>
<Translation>0.036795350529770787 0.19083770432974287 0.20932454594346137</Translation>
</Transform>
</Instance>
<Instance name="formed hex screw_am-3" uid="formed hex screw_am-3" entityUid="formed hex screw_am*:*B18.2.3.2M - Formed hex screw, M5 x 0.8 x 20 --20WS">
<Transform>
<Rotation>1.5208079223857086e-16 -0.38304900806323788 0.92372802134706822 0 0.92372802134706811 0.38304900806323772 -1.0000000000000002 -1.1976799515659356e-16 1.1520463171311315e-16</Rotation>
<Translation>0.048755188295891649 0.21394898733878479 0.20932454594346131</Translation>
</Transform>
</Instance>
<Instance name="formed hex screw_am-4" uid="formed hex screw_am-4" entityUid="formed hex screw_am*:*B18.2.3.2M - Formed hex screw, M5 x 0.8 x 30 --16WS">
<Transform>
<Rotation>1.1589036823601741e-16 -0.087819241023058076 -0.99613642685434112 1.6498030683066485e-16 -0.99613642685434101 0.087819241023058076 -1.0000000000000002 -1.7595716944121853e-16 -1.0100206623071244e-16</Rotation>
<Translation>0.017758642735550167 0.25070785242883553 0.20932454594346131</Translation>
</Transform>
</Instance>
<Instance name="formed hex screw_am-2" uid="formed hex screw_am-2" entityUid="formed hex screw_am*:*B18.2.3.2M - Formed hex screw, M5 x 0.8 x 20 --20WS">
<Transform>
<Rotation>1.1676297151066802e-16 -0.09470944582771379 -0.99550495773301262 1.6494806581470145e-16 -0.99550495773301262 0.09470944582771379 -1 -1.7526517361197904e-16 -1.0061597711484489e-16</Rotation>
<Translation>0.040869925744592028 0.23874801466271453 0.20932454594346134</Translation>
</Transform>
</Instance>
<Instance name="hex screw_am-1" uid="hex screw_am-1" entityUid="hex screw_am*:*B18.6.7M - M3 x 0.5 x 30 Indented HHMS --30N">
<Transform>
<Rotation>1.0516156118555305e-16 0.99762846384921233 -0.068829122599817175 0 -0.068829122599817147 -0.99762846384921233 -1.0000000000000002 1.0205263411090137e-16 0</Rotation>
<Translation>0.19720941013638293 0.22653362720194942 0.21547454594346133</Translation>
</Transform>
</Instance>
<Instance name="Fork_Wires-1" uid="Fork_Wires-1" entityUid="Fork_Wires*:*Default">
<Transform>
<Rotation>-1 -7.6736096643603702e-10 -5.6630276450884736e-16 -7.6736097337493092e-10 0.99999999999999989 2.3876926028984295e-16 5.6597510230203799e-16 2.4153792173277997e-16 -1.0000000000000002</Rotation>
<Translation>0.13309626615727366 0.35172886703865208 0.06147454590037621</Translation>
</Transform>
</Instance>
<Instance name="formed hex screw_am-7" uid="formed hex screw_am-7" entityUid="formed hex screw_am*:*B18.2.3.2M - Formed hex screw, M5 x 0.8 x 30 --16WS">
<Transform>
<Rotation>1.6836616346432439e-16 -0.51613020537991605 0.85651013484633431 0 0.85651013484633431 0.51613020537991594 -1.0000000000000002 -1.3687260974107506e-16 1.1458660031084825e-16</Rotation>
<Translation>-0.01111495980320093 0.19491227954456403 0.20932454594346134</Translation>
</Transform>
</Instance>
<Instance name="hex screw_am-5" uid="hex screw_am-5" entityUid="hex screw_am*:*B18.6.7M - M3 x 0.5 x 30 Indented HHMS --30N">
<Transform>
<Rotation>1.0516156118555305e-16 -0.70426944556674709 0.70993277712830438 0 0.70993277712830449 0.70426944556674709 -1.0000000000000002 0 1.0735785089199956e-16</Rotation>
<Translation>0.18543803938711834 0.22014364072257411 0.2154745459434613</Translation>
</Transform>
</Instance>
<Instance name="hex screw_am-6" uid="hex screw_am-6" entityUid="hex screw_am*:*B18.6.7M - M3 x 0.5 x 30 Indented HHMS --30N">
<Transform>
<Rotation>1.0516156118555305e-16 0.99784928945535367 -0.065549946860741587 0 -0.065549946860741559 -0.99784928945535345 -1.0000000000000002 1.0223678715105689e-16 0</Rotation>
<Translation>0.17259602053519585 0.22394885403198309 0.21547454594346133</Translation>
</Transform>
</Instance>
<Instance name="hex screw_am-4" uid="hex screw_am-4" entityUid="hex screw_am*:*B18.6.7M - M3 x 0.5 x 30 Indented HHMS --30N">
<Transform>
<Rotation>1.051344561312417e-16 0.99914747578843455 0.041283430400094134 0 0.041283430400094148 -0.99914747578843455 -1.0000000000000002 1.0704737609766575e-16 0</Rotation>
<Translation>0.16620603405582046 0.23572022478124779 0.21547454594346133</Translation>
</Transform>
</Instance>
<Instance name="pan cross head_am-4" uid="pan cross head_am-4" entityUid="pan cross head_am*:*B18.6.7M - M3 x 0.5 x 20 Type I Cross Recessed PHMS --20S">
<Transform>
<Rotation>0 0 -1 0 0.99999999999999989 0 1.0000000000000002 0 0</Rotation>
<Translation>0.16875075836192421 0.24679148302919662 0.047874545900376153</Translation>
</Transform>
</Instance>
<Instance name="hex screw_am-3" uid="hex screw_am-3" entityUid="hex screw_am*:*B18.6.7M - M3 x 0.5 x 30 Indented HHMS --30N">
<Transform>
<Rotation>1.0516156118555303e-16 0.76863163449453209 -0.63969165263763128 0 -0.63969165263763128 -0.76863163449453209 -1 0 -1.0025655014235222e-16</Rotation>
<Translation>0.18178261811449381 0.25495223011254575 0.21547454594346133</Translation>
</Transform>
</Instance>
<Instance name="formed hex screw_am-15" uid="formed hex screw_am-15" entityUid="formed hex screw_am*:*B18.2.3.2M - Formed hex screw, M5 x 0.8 x 25 --16WS">
<Transform>
<Rotation>0 0 -1 0 0.99999999999999989 0 1.0000000000000002 0 0</Rotation>
<Translation>-0.063737784968942168 0.24611088203292705 0.070824545900376179</Translation>
</Transform>
</Instance>
<Instance name="pan cross head_am-6" uid="pan cross head_am-6" entityUid="pan cross head_am*:*B18.6.7M - M3 x 0.5 x 20 Type I Cross Recessed PHMS --20S">
<Transform>
<Rotation>0 0 -1 0 0.99999999999999989 0 1.0000000000000002 0 0</Rotation>
<Translation>0.20065380677808586 0.24151906352888702 0.047874545900376153</Translation>
</Transform>
</Instance>
<Instance name="hex screw_am-8" uid="hex screw_am-8" entityUid="hex screw_am*:*B18.6.7M - M3 x 0.5 x 30 Indented HHMS --30N">
<Transform>
<Rotation>1.0516156118555305e-16 0.67682516908659673 0.7361437974274454 0 0.7361437974274454 -0.67682516908659662 -1.0000000000000002 1.0523084565572661e-16 0</Rotation>
<Translation>0.19462463696641663 0.25114701680313667 0.21547454594346133</Translation>
</Transform>
</Instance>
<Instance name="formed hex screw_am-21" uid="formed hex screw_am-21" entityUid="formed hex screw_am*:*B18.2.3.2M - Formed hex screw, M5 x 0.8 x 25 --16WS">
<Transform>
<Rotation>0 0 1 0 0.99999999999999989 0 -1.0000000000000002 0 0</Rotation>
<Translation>-0.063737784968942113 0.24611088203292703 0.18232454594346126</Translation>
</Transform>
</Instance>
<Instance name="pan cross head_am-9" uid="pan cross head_am-9" entityUid="pan cross head_am*:*B18.6.7M - M3 x 0.5 x 20 Type I Cross Recessed PHMS --20S">
<Transform>
<Rotation>0 0 -1 0 0.99999999999999989 0 1.0000000000000002 0 0</Rotation>
<Translation>0.17436678132056593 0.22268836523522514 0.047874545900376153</Translation>
</Transform>
</Instance>
<Instance name="pan cross head_am-11" uid="pan cross head_am-11" entityUid="pan cross head_am*:*B18.6.7M - M3 x 0.5 x 10 Type I Cross Recessed PHMS --10S">
<Transform>
<Rotation>5.6630276450884736e-16 2.4980018054066022e-16 -1 -2.3876926028984295e-16 0.99999999999999989 2.3592239273284576e-16 1.0000000000000002 2.4197160776871563e-16 5.6597510210500973e-16</Rotation>
<Translation>0.011219466077844409 0.17599358775998303 0.039074545900376234</Translation>
</Transform>
</Instance>
<Instance name="formed hex screw_am-5" uid="formed hex screw_am-5" entityUid="formed hex screw_am*:*B18.2.3.2M - Formed hex screw, M5 x 0.8 x 30 --16WS">
<Transform>
<Rotation>2.1432408683143363e-16 -0.89138095468028899 0.45325488815153064 0 0.45325488815153053 0.89138095468028888 -1.0000000000000002 -1.9583021134091428e-16 0</Rotation>
<Translation>-0.0070403845883798555 0.24282258987753566 0.20932454594346131</Translation>
</Transform>
</Instance>
<Instance name="Joint3_Limit_Trigger-1" uid="Joint3_Limit_Trigger-1" entityUid="Joint3_Limit_Trigger*:*Default">
<Transform>
<Rotation>-0.95042947632795138 -0.31094020410197215 0 -0.31094020410197198 0.95042947632795149 0 0 0 -1.0000000000000002</Rotation>
<Translation>0.25988565189583623 0.11280502453434789 0.055974545900376205</Translation>
</Transform>
</Instance>
<Instance name="hex screw_am-7" uid="hex screw_am-7" entityUid="hex screw_am*:*B18.6.7M - M3 x 0.5 x 30 Indented HHMS --30N">
<Transform>
<Rotation>1.0516156118555303e-16 -0.99892698301347593 -0.046312877340915035 0 -0.046312877340915035 0.99892698301347593 -1 -1.0703622315266835e-16 0</Rotation>
<Translation>0.17001124736522966 0.24856224363317034 0.21547454594346133</Translation>
</Transform>
</Instance>
<Instance name="pan cross head_am-3" uid="pan cross head_am-3" entityUid="pan cross head_am*:*B18.6.7M - M3 x 0.5 x 20 Type I Cross Recessed PHMS --20S">
<Transform>
<Rotation>0 0 -1 0 0.99999999999999989 0 1.0000000000000002 0 0</Rotation>
<Translation>0.1796392008208757 0.25459141365138727 0.047874545900376209</Translation>
</Transform>
</Instance>
<Instance name="formed hex screw_am-8" uid="formed hex screw_am-8" entityUid="formed hex screw_am*:*B18.2.3.2M - Formed hex screw, M5 x 0.8 x 30 --16WS">
<Transform>
<Rotation>0 0.25511516711499632 0.96691067400659492 0 0.96691067400659481 -0.25511516711499632 -1.0000000000000002 0 0</Rotation>
<Translation>0.011996323205840764 0.18295244177844283 0.20932454594346134</Translation>
</Transform>
</Instance>
<Instance name="pan cross head_am-8" uid="pan cross head_am-8" entityUid="pan cross head_am*:*B18.6.7M - M3 x 0.5 x 20 Type I Cross Recessed PHMS --20S">
<Transform>
<Rotation>0 0 -1 0 0.99999999999999989 0 1.0000000000000002 0 0</Rotation>
<Translation>0.1875814566555859 0.22050445757167675 0.047874545900376153</Translation>
</Transform>
</Instance>
<Instance name="hex screw_am-2" uid="hex screw_am-2" entityUid="hex screw_am*:*B18.6.7M - M3 x 0.5 x 30 Indented HHMS --30N">
<Transform>
<Rotation>1.0516156118555303e-16 0.89011043095647968 -0.45574490748934327 0 -0.45574490748934327 -0.89011043095647968 -1 0 0</Rotation>
<Translation>0.20101462344579202 0.23937564605387215 0.21547454594346133</Translation>
</Transform>
</Instance>
<Instance name="formed hex screw_am-6" uid="formed hex screw_am-6" entityUid="formed hex screw_am*:*B18.2.3.2M - Formed hex screw, M5 x 0.8 x 30 --16WS">
<Transform>
<Rotation>2.2613564014896466e-16 -0.98789735420933955 -0.15510905049734089 0 -0.15510905049734089 0.98789735420933955 -1 -2.3304475011528124e-16 0</Rotation>
<Translation>-0.019000222354500662 0.21971130686849402 0.20932454594346134</Translation>
</Transform>
</Instance>
<Instance name="formed hex screw_am-11" uid="formed hex screw_am-11" entityUid="formed hex screw_am*:*B18.2.3.2M - Formed hex screw, M5 x 0.8 x 20 --20WS">
<Transform>
<Rotation>3.8873657986268989e-16 -0.23783925923441512 0.97130452833641456 -1.2341985039537604e-16 -0.97130452833641456 -0.23783925923441512 1 0 -4.0693568614349954e-16</Rotation>
<Translation>-0.00704038460607459 0.24198493929975962 0.047624545900376347</Translation>
</Transform>
</Instance>
<Instance name="Joint2_Cyclo_Assembly-1" uid="Joint2_Cyclo_Assembly-1" entityUid="Joint2_Cyclo_Assembly" rigid="true">
<Transform>
<Rotation>1.2903081381132608e-12 -1 0 0.99999999999999989 1.2902387491742218e-12 1.0008734137814479e-15 -8.8646601334551089e-16 0 1.0000000000000002</Rotation>
<Translation>0.13310495251250243 0.3518284889786269 0.076674545921918524</Translation>
</Transform>
<Instance name="instrument ball bearing_68_am-7" uid="instrument ball bearing_68_am-7" entityUid="instrument ball bearing_68_am*:*AFBMA 12.1.4.1 - 0050-11 - 10,SI,NC,10_68">
<Transform>
<Rotation>5.0104861782833424e-16 -0.31045720080974137 -0.95058735867114275 1.1849596373327511e-15 0.95058735867114286 -0.31045720080974137 1.0000000000000002 -9.5313515585641622e-16 7.2023047725894559e-16</Rotation>
<Translation>-0.12438733399901061 0.28924457152834077 0.012949999999999739</Translation>
</Transform>
</Instance>
<Instance name="instrument ball bearing_68_am-16" uid="instrument ball bearing_68_am-16" entityUid="instrument ball bearing_68_am*:*AFBMA 12.1.4.1 - 0050-11 - 10,SI,NC,10_68">
<Transform>
<Rotation>4.4545686544859386e-16 -0.31045720080974248 -0.95058735867114241 1.1849872275616687e-15 0.95058735867114241 -0.31045720080974248 1 -9.8813858717823407e-16 7.9133348279279829e-16</Rotation>
<Translation>-0.13276238567208357 0.25781435502457889 0.012949999999999739</Translation>
</Transform>
</Instance>
<Instance name="instrument ball bearing_68_am-10" uid="instrument ball bearing_68_am-10" entityUid="instrument ball bearing_68_am*:*AFBMA 12.1.4.1 - 0050-11 - 10,SI,NC,10_68">
<Transform>
<Rotation>5.5664037020807423e-16 -0.31045720080974104 -0.95058735867114286 1.1849862572124559e-15 0.95058735867114286 -0.31045720080974104 1 -9.536199451126952e-16 8.9702281565801138e-16</Rotation>
<Translation>-0.12438733399901059 0.28924457152834077 0.0099499999999997368</Translation>
</Transform>
</Instance>
<Instance name="Joint2_Cyclo_Disk_Version2-3" uid="Joint2_Cyclo_Disk_Version2-3" entityUid="Joint2_Cyclo_Disk_Version2*:*Default">
<Transform>
<Rotation>0.9858801007214919 -0.16745276050689908 -4.7663385593812573e-16 -0.16745276050689908 -0.98588010072149201 -1.2991661700553523e-15 -2.5235487236660821e-16 1.3606357295160125e-15 -1</Rotation>
<Translation>-0.11881500594557121 0.2423088699754119 0.014599999999999724</Translation>
</Transform>
</Instance>
<Instance name="socket set screw cone point_am-2" uid="socket set screw cone point_am-2" entityUid="socket set screw cone point_am*:*B18.3.6M - M3 x 0.5 x 4 Hex Socket Cone Pt. SS --N">
<Transform>
<Rotation>0.086862750715970619 0.88134325451580486 -0.4644232232108384 0.99622028815822417 -0.076846356495854015 0.040494134825391284 -1.5299747165932139e-15 -0.46618526919326952 -0.88468711688777224</Rotation>
<Translation>-0.11497134781500198 0.26009038830716619 0.0095999999999997199</Translation>
</Transform>
</Instance>
<Instance name="instrument ball bearing_68_am-13" uid="instrument ball bearing_68_am-13" entityUid="instrument ball bearing_68_am*:*AFBMA 12.1.4.1 - 0050-11 - 10,SI,NC,10_68">
<Transform>
<Rotation>2.2395721766762165e-16 -0.31045720080974037 -0.95058735867114319 1.1849620632057868e-15 0.95058735867114319 -0.31045720080974037 1 -1.0568808268900697e-15 5.8077090520660593e-16</Rotation>
<Translation>-0.13508427080763766 0.27526399327074047 0.0099499999999997923</Translation>
</Transform>
</Instance>
<Instance name="formed hex screw_am-10" uid="formed hex screw_am-10" entityUid="formed hex screw_am*:*B18.2.3.2M - Formed hex screw, M5 x 0.8 x 30 --16WS">
<Transform>
<Rotation>-9.1821218352122263e-16 0.7600083438175671 0.64991331524110085 -1.4983987793392358e-15 0.64991331524110085 -0.7600083438175671 -1 -1.6716782391046578e-15 5.4203725037682883e-16</Rotation>
<Translation>-0.1187818074144838 0.24711741821595151 0.021099999999999786</Translation>
</Transform>
</Instance>
<Instance name="instrument ball bearing_68_am-15" uid="instrument ball bearing_68_am-15" entityUid="instrument ball bearing_68_am*:*AFBMA 12.1.4.1 - 0050-11 - 10,SI,NC,10_68">
<Transform>
<Rotation>2.239572176676217e-16 -0.31045720080973999 -0.95058735867114319 1.1849620632057862e-15 0.9505873586711433 -0.31045720080973999 1.0000000000000002 -1.0392208083517684e-15 4.5611882804146724e-16</Rotation>
<Translation>-0.13508427080763766 0.27526399327074041 0.015949999999999742</Translation>
</Transform>
</Instance>
<Instance name="instrument ball bearing_68_am-28" uid="instrument ball bearing_68_am-28" entityUid="instrument ball bearing_68_am*:*AFBMA 12.1.4.1 - 0050-11 - 10,SI,NC,10_68">
<Transform>
<Rotation>4.4545686544859395e-16 -0.31045720080974182 -0.95058735867114263 1.1849872275616702e-15 0.95058735867114263 -0.31045720080974182 1 -9.8813858717823604e-16 7.913334827927982e-16</Rotation>
<Translation>-0.090635232359694451 0.26341988160910534 0.012949999999999739</Translation>
</Transform>
</Instance>
<Instance name="instrument ball bearing_68_am-8" uid="instrument ball bearing_68_am-8" entityUid="instrument ball bearing_68_am*:*AFBMA 12.1.4.1 - 0050-11 - 10,SI,NC,10_68">
<Transform>
<Rotation>5.5664037020807423e-16 -0.31045720080973993 -0.9505873586711433 1.1849862572124559e-15 0.9505873586711433 -0.31045720080973993 1 -9.5361994511269639e-16 8.970228156580102e-16</Rotation>
<Translation>-0.12438733399901061 0.28924457152834077 0.015949999999999687</Translation>
</Transform>
</Instance>
<Instance name="instrument ball bearing_68_am-29" uid="instrument ball bearing_68_am-29" entityUid="instrument ball bearing_68_am*:*AFBMA 12.1.4.1 - 0050-11 - 10,SI,NC,10_68">
<Transform>
<Rotation>4.4545686544859395e-16 -0.31045720080974054 -0.95058735867114308 1.1849872275616702e-15 0.95058735867114308 -0.31045720080974054 1 -9.8813858717823722e-16 7.9133348279279691e-16</Rotation>
<Translation>-0.090635232359694451 0.2634198816091054 0.0099499999999997368</Translation>
</Transform>
</Instance>
<Instance name="formed hex screw_am-8" uid="formed hex screw_am-8" entityUid="formed hex screw_am*:*B18.2.3.2M - Formed hex screw, M5 x 0.8 x 30 --16WS">
<Transform>
<Rotation>-2.2395721766762161e-16 0.76000834381756877 0.64991331524109897 -1.1849620632057852e-15 0.64991331524109897 -0.76000834381756877 -1 -9.4033197701856438e-16 7.5502827733714172e-16</Rotation>
<Translation>-0.13508427080763766 0.27526399327074047 0.02109999999999973</Translation>
</Transform>
</Instance>
<Instance name="instrument ball bearing_68_am-17" uid="instrument ball bearing_68_am-17" entityUid="instrument ball bearing_68_am*:*AFBMA 12.1.4.1 - 0050-11 - 10,SI,NC,10_68">
<Transform>
<Rotation>3.3470704155810773e-16 -0.31045720080974037 -0.95058735867114319 1.1849881979108838e-15 0.95058735867114319 -0.31045720080974037 1 -1.0225225898951452e-15 6.8605640147934573e-16</Rotation>
<Translation>-0.13276238567208357 0.25781435502457889 0.0099499999999997368</Translation>
</Transform>
</Instance>
<Instance name="Joint2_Output_Shaft-1" uid="Joint2_Output_Shaft-1" entityUid="Joint2_Output_Shaft*:*Default">
<Transform>
<Rotation>0.60766180312064111 0.79419590343200031 -7.485094508685054e-16 0.79419590343200042 -0.60766180312064111 -1.3877089816113257e-15 -1.556953390919105e-15 2.4879460241274361e-16 -1</Rotation>
<Translation>-0.086835059723262747 0.20437641672774776 0.0055999999999997718</Translation>
</Transform>
</Instance>
<Instance name="instrument ball bearing_68_am-9" uid="instrument ball bearing_68_am-9" entityUid="instrument ball bearing_68_am*:*AFBMA 12.1.4.1 - 0050-11 - 10,SI,NC,10_68">
<Transform>
<Rotation>4.4545686544859405e-16 -0.31045720080974093 -0.95058735867114286 1.1849601225073583e-15 0.95058735867114297 -0.31045720080974093 1.0000000000000002 -9.7048239061618508e-16 6.6732141124164982e-16</Rotation>
<Translation>-0.12438733399901061 0.28924457152834065 0.0069499999999997342</Translation>
</Transform>
</Instance>
<Instance name="instrument ball bearing_68_am-12" uid="instrument ball bearing_68_am-12" entityUid="instrument ball bearing_68_am*:*AFBMA 12.1.4.1 - 0050-11 - 10,SI,NC,10_68">
<Transform>
<Rotation>1.6836546528788144e-16 -0.31045720080974082 -0.95058735867114297 1.1849896534347053e-15 0.95058735867114297 -0.31045720080974082 1 -1.0741659136448241e-15 5.279346537332887e-16</Rotation>
<Translation>-0.13508427080763766 0.27526399327074041 0.012949999999999739</Translation>
</Transform>
</Instance>
<Instance name="instrument ball bearing_68_am-14" uid="instrument ball bearing_68_am-14" entityUid="instrument ball bearing_68_am*:*AFBMA 12.1.4.1 - 0050-11 - 10,SI,NC,10_68">
<Transform>
<Rotation>2.2395721766762165e-16 -0.31045720080974065 -0.95058735867114308 1.1849620632057868e-15 0.95058735867114308 -0.31045720080974065 1 -1.0568808268900691e-15 5.8077090520660622e-16</Rotation>
<Translation>-0.13508427080763766 0.27526399327074036 0.0069499999999997342</Translation>
</Transform>
</Instance>
<Instance name="formed hex screw_am-7" uid="formed hex screw_am-7" entityUid="formed hex screw_am*:*B18.2.3.2M - Formed hex screw, M5 x 0.8 x 30 --16WS">
<Transform>
<Rotation>-4.6914921106088419e-16 -0.031490167850915941 0.99950406168695538 -8.6096288467276843e-16 0.99950406168695538 0.031490167850915941 -1 -8.4576231278871771e-16 -4.9602840774433871e-16</Rotation>
<Translation>-0.12438733399901059 0.28924457152834077 0.021099999999999675</Translation>
</Transform>
</Instance>
<Instance name="Joint2_Cyclo_Disk_Version2-1" uid="Joint2_Cyclo_Disk_Version2-1" entityUid="Joint2_Cyclo_Disk_Version2*:*Default">
<Transform>
<Rotation>-0.7079693182218364 0.70624319073284392 3.5602687274577806e-16 0.70624319073284392 0.70796931822183629 -1.6952504281687561e-15 -1.4493151738476033e-15 -9.4874373525129581e-16 -0.99999999999999989</Rotation>
<Translation>-0.094971500500370204 0.28819265504483704 0.023599999999999677</Translation>
</Transform>
</Instance>
<Instance name="instrument ball bearing_68_am-18" uid="instrument ball bearing_68_am-18" entityUid="instrument ball bearing_68_am*:*AFBMA 12.1.4.1 - 0050-11 - 10,SI,NC,10_68">
<Transform>
<Rotation>4.4545686544859395e-16 -0.31045720080973987 -0.9505873586711433 1.1849872275616702e-15 0.9505873586711433 -0.31045720080973987 1 -9.8813858717823781e-16 7.9133348279279612e-16</Rotation>
<Translation>-0.13276238567208359 0.25781435502457883 0.0069499999999997342</Translation>
</Transform>
</Instance>
<Instance name="instrument ball bearing_68_am-21" uid="instrument ball bearing_68_am-21" entityUid="instrument ball bearing_68_am*:*AFBMA 12.1.4.1 - 0050-11 - 10,SI,NC,10_68">
<Transform>
<Rotation>4.4545686544859405e-16 -0.31045720080974071 -0.95058735867114297 1.1849872275616704e-15 0.95058735867114319 -0.31045720080974076 1.0000000000000002 -9.9520220014885616e-16 6.5300994256483997e-16</Rotation>
<Translation>-0.1187818074144838 0.24711741821595157 0.0099499999999997368</Translation>
</Transform>
</Instance>
<Instance name="instrument ball bearing_68_am-20" uid="instrument ball bearing_68_am-20" entityUid="instrument ball bearing_68_am*:*AFBMA 12.1.4.1 - 0050-11 - 10,SI,NC,10_68">
<Transform>
<Rotation>2.7911528917836764e-16 -0.31045720080974115 -0.95058735867114286 1.1849886830854918e-15 0.95058735867114286 -0.31045720080974115 1 -1.0397819109279161e-15 6.3321173504673998e-16</Rotation>
<Translation>-0.1187818074144838 0.24711741821595151 0.012949999999999739</Translation>
</Transform>
</Instance>
<Instance name="instrument ball bearing_68_am-23" uid="instrument ball bearing_68_am-23" entityUid="instrument ball bearing_68_am*:*AFBMA 12.1.4.1 - 0050-11 - 10,SI,NC,10_68">
<Transform>
<Rotation>4.4545686544859405e-16 -0.31045720080973993 -0.9505873586711433 1.1849601225073583e-15 0.95058735867114341 -0.31045720080973993 1.0000000000000002 -9.7048239061618823e-16 6.6688773037264891e-16</Rotation>
<Translation>-0.11878180741448383 0.24711741821595151 0.015949999999999798</Translation>
</Transform>
</Instance>
<Instance name="formed hex screw_am-9" uid="formed hex screw_am-9" entityUid="formed hex screw_am*:*B18.2.3.2M - Formed hex screw, M5 x 0.8 x 30 --16WS">
<Transform>
<Rotation>-4.4545686544859386e-16 0.76000834381756777 0.64991331524110008 -1.1849872275616695e-15 0.64991331524110008 -0.76000834381756777 -1 -1.1086899121347155e-15 6.1109183204351134e-16</Rotation>
<Translation>-0.13276238567208357 0.25781435502457895 0.02109999999999973</Translation>
</Transform>
</Instance>
<Instance name="instrument ball bearing_68_am-19" uid="instrument ball bearing_68_am-19" entityUid="instrument ball bearing_68_am*:*AFBMA 12.1.4.1 - 0050-11 - 10,SI,NC,10_68">
<Transform>
<Rotation>3.3470704155810773e-16 -0.3104572008097416 -0.95058735867114275 1.1849881979108838e-15 0.95058735867114275 -0.3104572008097416 1 -1.0225225898951444e-15 6.8605640147934712e-16</Rotation>
<Translation>-0.13276238567208359 0.25781435502457889 0.015949999999999742</Translation>
</Transform>
</Instance>
<Instance name="instrument ball bearing_68_am-25" uid="instrument ball bearing_68_am-25" entityUid="instrument ball bearing_68_am*:*AFBMA 12.1.4.1 - 0050-11 - 10,SI,NC,10_68">
<Transform>
<Rotation>5.5664037020807443e-16 -0.31045720080974126 -0.95058735867114286 1.1849862572124569e-15 0.95058735867114297 -0.31045720080974121 1.0000000000000002 -8.9805768549415338e-16 6.5300994256484313e-16</Rotation>
<Translation>-0.10133216916832108 0.24943930335150555 0.0099499999999997368</Translation>
</Transform>
</Instance>
<Instance name="instrument ball bearing_68_am-24" uid="instrument ball bearing_68_am-24" entityUid="instrument ball bearing_68_am*:*AFBMA 12.1.4.1 - 0050-11 - 10,SI,NC,10_68">
<Transform>
<Rotation>5.5664037020807433e-16 -0.31045720080973999 -0.95058735867114319 1.184959152158144e-15 0.9505873586711433 -0.31045720080973999 1.0000000000000002 -9.357879210966513e-16 7.7270586240723454e-16</Rotation>
<Translation>-0.10133216916832105 0.24943930335150555 0.012949999999999739</Translation>
</Transform>
</Instance>
<Instance name="instrument ball bearing_68_am-26" uid="instrument ball bearing_68_am-26" entityUid="instrument ball bearing_68_am*:*AFBMA 12.1.4.1 - 0050-11 - 10,SI,NC,10_68">
<Transform>
<Rotation>4.4545686544859405e-16 -0.31045720080974137 -0.95058735867114275 1.1849601225073599e-15 0.95058735867114286 -0.31045720080974137 1.0000000000000002 -9.7069923105068139e-16 6.6732141124165297e-16</Rotation>
<Translation>-0.10133216916832111 0.24943930335150555 0.0069499999999997342</Translation>
</Transform>
</Instance>
<Instance name="instrument ball bearing_68_am-27" uid="instrument ball bearing_68_am-27" entityUid="instrument ball bearing_68_am*:*AFBMA 12.1.4.1 - 0050-11 - 10,SI,NC,10_68">
<Transform>
<Rotation>5.5664037020807433e-16 -0.31045720080974132 -0.95058735867114275 1.1849862572124567e-15 0.95058735867114275 -0.31045720080974132 1 -9.536199451126956e-16 8.9702281565801177e-16</Rotation>
<Translation>-0.10133216916832108 0.24943930335150555 0.015949999999999798</Translation>
</Transform>
</Instance>
<Instance name="instrument ball bearing_68_am-22" uid="instrument ball bearing_68_am-22" entityUid="instrument ball bearing_68_am*:*AFBMA 12.1.4.1 - 0050-11 - 10,SI,NC,10_68">
<Transform>
<Rotation>4.4545686544859405e-16 -0.31045720080974121 -0.95058735867114286 1.1849601225073591e-15 0.95058735867114297 -0.31045720080974121 1.0000000000000002 -9.7048239061618508e-16 6.6732141124165179e-16</Rotation>
<Translation>-0.1187818074144838 0.24711741821595151 0.0069499999999997342</Translation>
</Transform>
</Instance>
<Instance name="formed hex screw_am-11" uid="formed hex screw_am-11" entityUid="formed hex screw_am*:*B18.2.3.2M - Formed hex screw, M5 x 0.8 x 30 --16WS">
<Transform>
<Rotation>-5.5664037020807433e-16 0.76000834381756854 0.64991331524109941 -1.1849591521581445e-15 0.64991331524109941 -0.76000834381756854 -1 -1.1931720568682189e-15 5.3881085432421917e-16</Rotation>
<Translation>-0.10133216916832108 0.2494393033515056 0.021099999999999786</Translation>
</Transform>
</Instance>
<Instance name="formed hex screw_am-12" uid="formed hex screw_am-12" entityUid="formed hex screw_am*:*B18.2.3.2M - Formed hex screw, M5 x 0.8 x 30 --16WS">
<Transform>
<Rotation>-4.3844705540315416e-16 0.77269573709418382 0.6347765731944397 -1.1833714465601835e-15 0.6347765731944397 -0.77269573709418382 -1 -1.089962642315135e-15 6.3607015280002478e-16</Rotation>
<Translation>-0.090635232359694423 0.2634198816091054 0.021099999999999786</Translation>
</Transform>
</Instance>
<Instance name="instrument ball bearing_68_am-44" uid="instrument ball bearing_68_am-44" entityUid="instrument ball bearing_68_am*:*AFBMA 12.1.4.1 - 0030-8 - 8,DE,NC,8_68">
<Transform>
<Rotation>-2.7911528917836769e-16 0.89270315060861338 0.45064518736302461 -1.1849615780311812e-15 0.45064518736302461 -0.89270315060861338 -1 -7.8316433038240999e-16 9.3203697227091934e-16</Rotation>
<Translation>-0.071948162547598699 0.27424442771687002 0.020299999999999707</Translation>
</Transform>
</Instance>
<Instance name="instrument ball bearing_68_am-33" uid="instrument ball bearing_68_am-33" entityUid="instrument ball bearing_68_am*:*AFBMA 12.1.4.1 - 0050-11 - 10,SI,NC,10_68">
<Transform>
<Rotation>5.0104861782833424e-16 -0.31045720080973876 -0.95058735867114363 1.1849596373327511e-15 0.95058735867114375 -0.31045720080973876 1.0000000000000002 -9.5313515585642332e-16 7.2023047725892784e-16</Rotation>
<Translation>-0.09295711749524832 0.28086951985526787 0.0099499999999996813</Translation>
</Transform>
</Instance>
<Instance name="hex nut style 2_ams-4" uid="hex nut style 2_ams-4" entityUid="hex nut style 2_ams*:*B18.2.4.2M - Hex nut, Style 2,  M3 x 0.5 --D-N">
<Transform>
<Rotation>-0.030603829264576072 -0.081292946165639451 -0.99622028815822417 -0.35099228791858517 -0.93234075120619508 0.086862750715970743 -0.93587810074604361 0.3523239710039302 8.2572837456496018e-16</Rotation>
<Translation>-0.10877524840221747 0.26898580016198714 0.0095999999999997199</Translation>
</Transform>
</Instance>
<Instance name="instrument ball bearing_68_am-35" uid="instrument ball bearing_68_am-35" entityUid="instrument ball bearing_68_am*:*AFBMA 12.1.4.1 - 0050-11 - 10,SI,NC,10_68">
<Transform>
<Rotation>4.4545686544859405e-16 -0.31045720080973965 -0.95058735867114341 1.1849601225073591e-15 0.95058735867114352 -0.31045720080973965 1.0000000000000002 -9.7048239061618902e-16 6.6688773037264733e-16</Rotation>
<Translation>-0.092957117495248348 0.28086951985526787 0.015949999999999687</Translation>
</Transform>
</Instance>
<Instance name="instrument ball bearing_68_am-80" uid="instrument ball bearing_68_am-80" entityUid="instrument ball bearing_68_am*:*AFBMA 12.1.4.1 - 0200-27 - 28,SI,NC,28_68">
<Transform>
<Rotation>-9.7337025398417142e-16 0.59878569789213065 -0.80090928824669894 -1.4983982666868765e-15 -0.80090928824669894 -0.59878569789213065 -1 6.1724090244292126e-16 1.6768007291574315e-15</Rotation>
<Translation>-0.11544992433287751 0.26956778059178427 0.017099999999999671</Translation>
</Transform>
</Instance>
<Instance name="pan cross head_am-75" uid="pan cross head_am-75" entityUid="pan cross head_am*:*B18.6.7M - M3 x 0.5 x 30 Type I Cross Recessed PHMS --30S">
<Transform>
<Rotation>5.350732856155549e-16 0.081068515334258032 -0.99670853102674872 1.2002395526971596e-15 0.99670853102674861 0.081068515334258101 1.0000000000000002 -1.1754215991898085e-15 3.2849055387384252e-16</Rotation>
<Translation>-0.071706181604185404 0.2843484952704558 -0.028100000000000291</Translation>
</Transform>
</Instance>
<Instance name="instrument ball bearing_68_am-30" uid="instrument ball bearing_68_am-30" entityUid="instrument ball bearing_68_am*:*AFBMA 12.1.4.1 - 0050-11 - 10,SI,NC,10_68">
<Transform>
<Rotation>4.4545686544859405e-16 -0.31045720080974032 -0.95058735867114308 1.1849601225073583e-15 0.95058735867114319 -0.31045720080974032 1.0000000000000002 -9.7026555018168956e-16 6.6688773037265167e-16</Rotation>
<Translation>-0.090635232359694451 0.26341988160910529 0.0069499999999997897</Translation>
</Transform>
</Instance>
<Instance name="instrument ball bearing_68_am-32" uid="instrument ball bearing_68_am-32" entityUid="instrument ball bearing_68_am*:*AFBMA 12.1.4.1 - 0050-11 - 10,SI,NC,10_68">
<Transform>
<Rotation>5.0104861782833414e-16 -0.31045720080973954 -0.95058735867114341 1.1849867423870631e-15 0.95058735867114341 -0.31045720080973954 1 -9.708792661454673e-16 8.4417814922540286e-16</Rotation>
<Translation>-0.092957117495248293 0.28086951985526781 0.012949999999999739</Translation>
</Transform>
</Instance>
<Instance name="Joint2_Ring_Spacers-5" uid="Joint2_Ring_Spacers-5" entityUid="Joint2_Ring_Spacers*:*Default">
<Transform>
<Rotation>-0.98758047844164043 1.1008490852161339e-16 -0.15711396691886026 -0.15711396691886026 1.1365391385939662e-15 0.98758047844164043 2.872838792500216e-16 1 -1.1051279895845484e-15</Rotation>
<Translation>-0.071948162547598782 0.27424442771687019 0.016999999999999738</Translation>
</Transform>
</Instance>
<Instance name="instrument ball bearing_68_am-45" uid="instrument ball bearing_68_am-45" entityUid="instrument ball bearing_68_am*:*AFBMA 12.1.4.1 - 0030-8 - Full,DE,NC,Full_68">
<Transform>
<Rotation>-3.3470704155810773e-16 -0.7945925447282437 0.60714305386975653 -1.1849881979108838e-15 0.60714305386975653 0.7945925447282437 -1 -4.5350163338911455e-16 -1.144797843014246e-15</Rotation>
<Translation>-0.071948162547598782 0.27424442771687008 0.01069999999999971</Translation>
</Transform>
</Instance>
<Instance name="pan cross head_am-73" uid="pan cross head_am-73" entityUid="pan cross head_am*:*B18.6.7M - M3 x 0.5 x 20 Type I Cross Recessed PHMS --20S">
<Transform>
<Rotation>4.4545686544859415e-16 0.59248934032239198 0.80557829017689941 1.1849601225073607e-15 -0.80557829017689941 0.59248934032239187 1.0000000000000002 7.1213974231620115e-16 -9.3769105790225898e-16</Rotation>
<Translation>-0.081126232263137255 0.26660382181874748 0.021199999999999719</Translation>
</Transform>
</Instance>
<Instance name="formed hex screw_am-13" uid="formed hex screw_am-13" entityUid="formed hex screw_am*:*B18.2.3.2M - Formed hex screw, M5 x 0.8 x 30 --16WS">
<Transform>
<Rotation>-4.4545686544859405e-16 0.76000834381756899 0.64991331524109863 -1.1849872275616704e-15 0.64991331524109863 -0.7600083438175691 -1.0000000000000002 -9.3260232900388067e-16 6.6947185710028997e-16</Rotation>
<Translation>-0.09295711749524832 0.28086951985526787 0.02109999999999973</Translation>
</Transform>
</Instance>
<Instance name="instrument ball bearing_68_am-38" uid="instrument ball bearing_68_am-38" entityUid="instrument ball bearing_68_am*:*AFBMA 12.1.4.1 - 0050-11 - 10,SI,NC,10_68">
<Transform>
<Rotation>3.3264043659153628e-16 -0.24354331074711852 -0.96989002252334378 1.1991121101411109e-15 0.96989002252334389 -0.24354331074711846 1.0000000000000002 -1.0558271665896559e-15 4.9215356016712341e-16</Rotation>
<Translation>-0.10693769575284828 0.29156645666389464 0.0069499999999997342</Translation>
</Transform>
</Instance>
<Instance name="Joint2_Ring_Spacers-6" uid="Joint2_Ring_Spacers-6" entityUid="Joint2_Ring_Spacers*:*Default">
<Transform>
<Rotation>0.85207341209073784 1.030094402173047e-16 0.52342229643763494 0.52342229643763494 1.0767545850273488e-15 -0.85207341209073784 -6.5136896279828326e-16 1 8.635565154953027e-16</Rotation>
<Translation>-0.071948162547598726 0.27424442771687019 0.012199999999999711</Translation>
</Transform>
</Instance>
<Instance name="instrument ball bearing_68_am-43" uid="instrument ball bearing_68_am-43" entityUid="instrument ball bearing_68_am*:*AFBMA 12.1.4.1 - 0030-8 - 8,DE,NC,8_68">
<Transform>
<Rotation>-2.7911528917836764e-16 0.85207341209073761 0.52342229643763571 -1.1849615780311804e-15 0.52342229643763571 -0.85207341209073761 -1 -8.5806202718034983e-16 8.6357908935685668e-16</Rotation>
<Translation>-0.071948162547598754 0.27424442771687008 0.015499999999999736</Translation>
</Transform>
</Instance>
<Instance name="pan cross head_am-8" uid="pan cross head_am-8" entityUid="pan cross head_am*:*B18.6.7M - M3 x 0.5 x 30 Type I Cross Recessed PHMS --30S">
<Transform>
<Rotation>1.0105411218241571e-15 0.91666769299661777 0.39965027288400329 1.163361360557913e-15 -0.3996502728840034 0.91666769299661788 1.0000000000000002 -3.8050175489874719e-16 -1.3746476970663044e-15</Rotation>
<Translation>-0.071948162547598754 0.27424442771687008 -0.0014000000000002899</Translation>
</Transform>
</Instance>
<Instance name="instrument ball bearing_68_am-37" uid="instrument ball bearing_68_am-37" entityUid="instrument ball bearing_68_am*:*AFBMA 12.1.4.1 - 0050-11 - 10,SI,NC,10_68">
<Transform>
<Rotation>3.3470704155810788e-16 -0.3104572008097416 -0.95058735867114263 1.1849610928565727e-15 0.95058735867114275 -0.3104572008097416 1.0000000000000002 -1.0049600197012233e-15 5.6150327920706892e-16</Rotation>
<Translation>-0.10693769575284831 0.29156645666389475 0.0099499999999997368</Translation>
</Transform>
</Instance>
<Instance name="pan cross head_am-74" uid="pan cross head_am-74" entityUid="pan cross head_am*:*B18.6.7M - M3 x 0.5 x 20 Type I Cross Recessed PHMS --20S">
<Transform>
<Rotation>1.137956302463907e-15 -0.59248934032239298 -0.80557829017689864 1.0993090705876186e-15 0.80557829017689864 -0.59248934032239298 1 -2.1135254249737971e-16 1.5680417984777811e-15</Rotation>
<Translation>-0.11129881580432907 0.30254063668740605 0.021199999999999719</Translation>
</Transform>
</Instance>
<Instance name="instrument ball bearing_68_am-34" uid="instrument ball bearing_68_am-34" entityUid="instrument ball bearing_68_am*:*AFBMA 12.1.4.1 - 0050-11 - 10,SI,NC,10_68">
<Transform>
<Rotation>5.0104861782833414e-16 -0.31045720080973915 -0.95058735867114352 1.1849867423870639e-15 0.95058735867114352 -0.31045720080973915 1 -9.7087926614546848e-16 8.4417814922540267e-16</Rotation>
<Translation>-0.09295711749524832 0.28086951985526781 0.0069499999999997342</Translation>
</Transform>
</Instance>
<Instance name="socket set screw cone point_am-3" uid="socket set screw cone point_am-3" entityUid="socket set screw cone point_am*:*B18.3.6M - M3 x 0.5 x 4 Hex Socket Cone Pt. SS --N">
<Transform>
<Rotation>-0.99622028815822417 -0.075096414911505635 -0.043653933721760227 0.086862750715970605 -0.86127334773701036 -0.50066264391897475 6.2507939966801913e-16 -0.50256218415766429 0.86454106383368412</Rotation>
<Translation>-0.10479036724958457 0.26863834915912327 0.0095999999999997199</Translation>
</Transform>
</Instance>
<Instance name="instrument ball bearing_68_am-81" uid="instrument ball bearing_68_am-81" entityUid="instrument ball bearing_68_am*:*AFBMA 12.1.4.1 - 0200-27 - 28,SI,NC,28_68">
<Transform>
<Rotation>-9.7337025398417162e-16 -0.77730897074769467 -0.62911903801678049 -1.4983711616325624e-15 -0.6291190380167806 0.77730897074769478 -1.0000000000000002 1.5765610477549424e-15 -5.8034703852869217e-16</Rotation>
<Translation>-0.11285975158366615 0.26934193743992274 0.010099999999999665</Translation>
</Transform>
</Instance>
<Instance name="Joint2_Top_Case-1" uid="Joint2_Top_Case-1" entityUid="Joint2_Top_Case*:*Default">
<Transform>
<Rotation>-5.0653925498522767e-16 0.99999999999999989 -2.3381602023637216e-16 1 5.0653925498522728e-16 -1.1658978807910625e-15 -1.1658978807910625e-15 -2.3381602023637275e-16 -0.99999999999999989</Rotation>
